hbar = 1.055e-34;
e = 1.602e-19;
