hbar = 1;
e = 2.71828;
